60
Lattice="13.772 0.0 0.0 0.0 8.726071968532004 0.0 0.0 0.0 5.038" Properties=species:S:1:pos:R:3:Z:I:1 pbc="T T T"
Fe       4.59066208       0.00000000       4.06012672       26 
Fe       1.69027888       0.00000000       4.06012672       26 
Fe       8.57627888       0.00000000       4.06012672       26 
Fe      11.47666208       0.00000000       4.06012672       26 
Fe       9.18132415       1.45434387       1.54112420       26 
Fe       6.28094095       1.45434387       1.54112420       26 
Fe      13.16694095       1.45434387       1.54112420       26 
Fe       2.29532415       1.45434387       1.54112420       26 
Fe       0.00000000       2.90869211       4.06012924       26 
Fe      10.87161680       2.90869211       4.06012924       26 
Fe       3.98561680       2.90869211       4.06012924       26 
Fe       6.88600000       2.90869211       4.06012924       26 
O       3.14047048       0.00000000       2.51900252        8 
O       3.14047048       1.33465271       4.83068882        8 
O       3.14047048       3.02838328       2.31168882        8 
O      10.02647048       0.00000000       0.56325092        8 
O      10.02647048       3.02838328       5.80856462        8 
O      10.02647048       1.33465271       3.28956462        8 
O       7.73113255       1.45434387       0.00000000        8 
O       7.73113255       2.78899658       2.31168630        8 
O       7.73113255       0.11969117       2.31168630        8 
O       0.84513255       1.45434387       3.08224840        8 
O       0.84513255       0.11969117       0.77056210        8 
O       0.84513255       2.78899658       0.77056210        8 
O      12.32180840       2.90869211       2.51900504        8 
O      12.32180840       4.24334482       4.83069134        8 
O      12.32180840       1.57403940       4.83069134        8 
O       5.43580840       2.90869211       5.60125344        8 
O       5.43580840       1.57403940       3.28956714        8 
O       5.43580840       4.24334482       3.28956714        8 
Fe       4.59066208       4.36303598       6.57912672       26 
Fe       1.69027888       4.36303598       6.57912672       26 
Fe       8.57627888       4.36303598       6.57912672       26 
Fe      11.47666208       4.36303598       6.57912672       26 
Fe       9.18132415       5.81737986       4.06012420       26 
Fe       6.28094095       5.81737986       4.06012420       26 
Fe      13.16694095       5.81737986       4.06012420       26 
Fe       2.29532415       5.81737986       4.06012420       26 
Fe       0.00000000       7.27172809       6.57912924       26 
Fe      10.87161680       7.27172809       6.57912924       26 
Fe       3.98561680       7.27172809       6.57912924       26 
Fe       6.88600000       7.27172809       6.57912924       26 
O       3.14047048       4.36303598       5.03800252        8 
O       3.14047048       5.69768869       7.34968882        8 
O       3.14047048       7.39141926       4.83068882        8 
O      10.02647048       4.36303598       3.08225092        8 
O      10.02647048       7.39141926       8.32756462        8 
O      10.02647048       5.69768869       5.80856462        8 
O       7.73113255       5.81737986       2.51900000        8 
O       7.73113255       7.15203257       4.83068630        8 
O       7.73113255       4.48272715       4.83068630        8 
O       0.84513255       5.81737986       5.60124840        8 
O       0.84513255       4.48272715       3.28956210        8 
O       0.84513255       7.15203257       3.28956210        8 
O      12.32180840       7.27172809       5.03800504        8 
O      12.32180840       8.60638080       7.34969134        8 
O      12.32180840       5.93707539       7.34969134        8 
O       5.43580840       7.27172809       8.12025344        8 
O       5.43580840       5.93707539       5.80856714        8 
O       5.43580840       8.60638080       5.80856714        8 
